x,y1,y2
10.0000000000,60.0000000000,0.0000000000
10.0100000000,59.9999500607,0.0000000000
10.0200000000,59.9998004813,0.0000000000
10.0300000000,59.9995516206,0.0000000000
10.0400000000,59.9992038360,0.0000000000
10.0500000000,59.9987574836,0.0000000000
10.0600000000,59.9982129184,0.0000000000
10.0700000000,59.9975704939,0.0000000000
10.0800000000,59.9968305626,0.0000000000
10.0900000000,59.9959934756,0.0000000000
10.1000000000,59.9950595828,0.0000000000
10.1100000000,59.9940292327,0.0000000000
10.1200000000,59.9929027729,0.0000000000
10.1300000000,59.9916805495,0.0000000000
10.1400000000,59.9903629074,0.0000000000
10.1500000000,59.9889501905,0.0000000000
10.1600000000,59.9874427412,0.0000000000
10.1700000000,59.9858409011,0.0000000000
10.1800000000,59.9841450101,0.0000000000
10.1900000000,59.9823554074,0.0000000000
10.2000000000,59.9804724308,0.0000000000
10.2100000000,59.9784964168,0.0000000000
10.2200000000,59.9764277010,0.0000000000
10.2300000000,59.9742666177,0.0000000000
10.2400000000,59.9720135000,0.0000000000
10.2500000000,59.9696686800,0.0000000000
10.2600000000,59.9672324886,0.0000000000
10.2700000000,59.9647052556,0.0000000000
10.2800000000,59.9620873095,0.0000000000
10.2900000000,59.9593789778,0.0000000000
10.3000000000,59.9565805870,0.0000000000
10.3100000000,59.9536924623,0.0000000000
10.3200000000,59.9507149280,0.0000000000
10.3300000000,59.9476483070,0.0000000000
10.3400000000,59.9444929214,0.0000000000
10.3500000000,59.9412490921,0.0000000000
10.3600000000,59.9379171389,0.0000000000
10.3700000000,59.9344973806,0.0000000000
10.3800000000,59.9309901348,0.0000000000
10.3900000000,59.9273957181,0.0000000000
10.4000000000,59.9237144462,0.0000000000
10.4100000000,59.9199466334,0.0000000000
10.4200000000,59.9160925934,0.0000000000
10.4300000000,59.9121526384,0.0000000000
10.4400000000,59.9081270799,0.0000000000
10.4500000000,59.9040162283,0.0000000000
10.4600000000,59.8998203928,0.0000000000
10.4700000000,59.8955398818,0.0000000000
10.4800000000,59.8911750025,0.0000000000
10.4900000000,59.8867260612,0.0000000000
10.5000000000,59.8821933633,0.0000000000
10.5100000000,59.8775772129,0.0000000000
10.5200000000,59.8728779134,0.0000000000
10.5300000000,59.8680957671,0.0000000000
10.5400000000,59.8632310752,0.0000000000
10.5500000000,59.8582841381,0.0000000000
10.5600000000,59.8532552552,0.0000000000
10.5700000000,59.8481447247,0.0000000000
10.5800000000,59.8429528443,0.0000000000
10.5900000000,59.8376799102,0.0000000000
10.6000000000,59.8323262181,0.0000000000
10.6100000000,59.8268920624,0.0000000000
10.6200000000,59.8213777368,0.0000000000
10.6300000000,59.8157835339,0.0000000000
10.6400000000,59.8101097454,0.0000000000
10.6500000000,59.8043566622,0.0000000000
10.6600000000,59.7985245742,0.0000000000
10.6700000000,59.7926137702,0.0000000000
10.6800000000,59.7866245383,0.0000000000
10.6900000000,59.7805571656,0.0000000000
10.7000000000,59.7744119383,0.0000000000
10.7100000000,59.7681891418,0.0000000000
10.7200000000,59.7618890603,0.0000000000
10.7300000000,59.7555119775,0.0000000000
10.7400000000,59.7490581758,0.0000000000
10.7500000000,59.7425279371,0.0000000000
10.7600000000,59.7359215421,0.0000000000
10.7700000000,59.7292392709,0.0000000000
10.7800000000,59.7224814025,0.0000000000
10.7900000000,59.7156482151,0.0000000000
10.8000000000,59.7087399861,0.0000000000
10.8100000000,59.7017569919,0.0000000000
10.8200000000,59.6946995082,0.0000000000
10.8300000000,59.6875678096,0.0000000000
10.8400000000,59.6803621703,0.0000000000
10.8500000000,59.6730828631,0.0000000000
10.8600000000,59.6657301604,0.0000000000
10.8700000000,59.6583043336,0.0000000000
10.8800000000,59.6508056531,0.0000000000
10.8900000000,59.6432343887,0.0000000000
10.9000000000,59.6355908093,0.0000000000
10.9100000000,59.6278751829,0.0000000000
10.9200000000,59.6200877769,0.0000000000
10.9300000000,59.6122288577,0.0000000000
10.9400000000,59.6042986908,0.0000000000
10.9500000000,59.5962975410,0.0000000000
10.9600000000,59.5882256725,0.0000000000
10.9700000000,59.5800833484,0.0000000000
10.9800000000,59.5718708311,0.0000000000
10.9900000000,59.5635883822,0.0000000000
11.0000000000,59.5552362626,0.0000000000
11.0100000000,59.5468147323,0.0000000000
11.0200000000,59.5383240505,0.0000000000
11.0300000000,59.5297644758,0.0000000000
11.0400000000,59.5211362657,0.0000000000
11.0500000000,59.5124396774,0.0000000000
11.0600000000,59.5036749668,0.0000000000
11.0700000000,59.4948423895,0.0000000000
11.0800000000,59.4859421999,0.0000000000
11.0900000000,59.4769746521,0.0000000000
11.1000000000,59.4679399991,0.0000000000
11.1100000000,59.4588384933,0.0000000000
11.1200000000,59.4496703863,0.0000000000
11.1300000000,59.4404359289,0.0000000000
11.1400000000,59.4311353713,0.0000000000
11.1500000000,59.4217689629,0.0000000000
11.1600000000,59.4123369523,0.0000000000
11.1700000000,59.4028395874,0.0000000000
11.1800000000,59.3932771155,0.0000000000
11.1900000000,59.3836497830,0.0000000000
11.2000000000,59.3739578355,0.0000000000
11.2100000000,59.3642015182,0.0000000000
11.2200000000,59.3543810753,0.0000000000
11.2300000000,59.3444967505,0.0000000000
11.2400000000,59.3345487865,0.0000000000
11.2500000000,59.3245374255,0.0000000000
11.2600000000,59.3144629091,0.0000000000
11.2700000000,59.3043254780,0.0000000000
11.2800000000,59.2941253721,0.0000000000
11.2900000000,59.2838628310,0.0000000000
11.3000000000,59.2735380932,0.0000000000
11.3100000000,59.2631513967,0.0000000000
11.3200000000,59.2527029789,0.0000000000
11.3300000000,59.2421930763,0.0000000000
11.3400000000,59.2316219248,0.0000000000
11.3500000000,59.2209897597,0.0000000000
11.3600000000,59.2102968156,0.0000000000
11.3700000000,59.1995433264,0.0000000000
11.3800000000,59.1887295252,0.0000000000
11.3900000000,59.1778556446,0.0000000000
11.4000000000,59.1669219166,0.0000000000
11.4100000000,59.1559285724,0.0000000000
11.4200000000,59.1448758424,0.0000000000
11.4300000000,59.1337639567,0.0000000000
11.4400000000,59.1225931445,0.0000000000
11.4500000000,59.1113636344,0.0000000000
11.4600000000,59.1000756543,0.0000000000
11.4700000000,59.0887294316,0.0000000000
11.4800000000,59.0773251929,0.0000000000
11.4900000000,59.0658631643,0.0000000000
11.5000000000,59.0543435711,0.0000000000
11.5100000000,59.0427666381,0.0000000000
11.5200000000,59.0311325893,0.0000000000
11.5300000000,59.0194416484,0.0000000000
11.5400000000,59.0076940381,0.0000000000
11.5500000000,58.9958899807,0.0000000000
11.5600000000,58.9840296978,0.0000000000
11.5700000000,58.9721134103,0.0000000000
11.5800000000,58.9601413386,0.0000000000
11.5900000000,58.9481137026,0.0000000000
11.6000000000,58.9360307212,0.0000000000
11.6100000000,58.9238926131,0.0000000000
11.6200000000,58.9116995961,0.0000000000
11.6300000000,58.8994518875,0.0000000000
11.6400000000,58.8871497042,0.0000000000
11.6500000000,58.8747932620,0.0000000000
11.6600000000,58.8623827767,0.0000000000
11.6700000000,58.8499184630,0.0000000000
11.6800000000,58.8374005352,0.0000000000
11.6900000000,58.8248292072,0.0000000000
11.7000000000,58.8122046919,0.0000000000
11.7100000000,58.7995272020,0.0000000000
11.7200000000,58.7867969494,0.0000000000
11.7300000000,58.7740141454,0.0000000000
11.7400000000,58.7611790008,0.0000000000
11.7500000000,58.7482917259,0.0000000000
11.7600000000,58.7353525303,0.0000000000
11.7700000000,58.7223616229,0.0000000000
11.7800000000,58.7093192124,0.0000000000
11.7900000000,58.6962255065,0.0000000000
11.8000000000,58.6830807127,0.0000000000
11.8100000000,58.6698850377,0.0000000000
11.8200000000,58.6566386876,0.0000000000
11.8300000000,58.6433418683,0.0000000000
11.8400000000,58.6299947846,0.0000000000
11.8500000000,58.6165976411,0.0000000000
11.8600000000,58.6031506419,0.0000000000
11.8700000000,58.5896539903,0.0000000000
11.8800000000,58.5761078892,0.0000000000
11.8900000000,58.5625125409,0.0000000000
11.9000000000,58.5488681471,0.0000000000
11.9100000000,58.5351749090,0.0000000000
11.9200000000,58.5214330274,0.0000000000
11.9300000000,58.5076427023,0.0000000000
11.9400000000,58.4938041333,0.0000000000
11.9500000000,58.4799175196,0.0000000000
11.9600000000,58.4659830594,0.0000000000
11.9700000000,58.4520009510,0.0000000000
11.9800000000,58.4379713916,0.0000000000
11.9900000000,58.4238945783,0.0000000000
12.0000000000,58.4097707073,0.0000000000
12.0100000000,58.3955999746,0.0000000000
12.0200000000,58.3813825754,0.0000000000
12.0300000000,58.3671187045,0.0000000000
12.0400000000,58.3528085564,0.0000000000
12.0500000000,58.3384523246,0.0000000000
12.0600000000,58.3240502024,0.0000000000
12.0700000000,58.3096023826,0.0000000000
12.0800000000,58.2951090574,0.0000000000
12.0900000000,58.2805704184,0.0000000000
12.1000000000,58.2659866569,0.0000000000
12.1100000000,58.2513579635,0.0000000000
12.1200000000,58.2366845284,0.0000000000
12.1300000000,58.2219665413,0.0000000000
12.1400000000,58.2072041912,0.0000000000
12.1500000000,58.1923976670,0.0000000000
12.1600000000,58.1775471566,0.0000000000
12.1700000000,58.1626528478,0.0000000000
12.1800000000,58.1477149278,0.0000000000
12.1900000000,58.1327335831,0.0000000000
12.2000000000,58.1177090000,0.0000000000
12.2100000000,58.1026413641,0.0000000000
12.2200000000,58.0875308606,0.0000000000
12.2300000000,58.0723776742,0.0000000000
12.2400000000,58.0571819891,0.0000000000
12.2500000000,58.0419439890,0.0000000000
12.2600000000,58.0266638572,0.0000000000
12.2700000000,58.0113417764,0.0000000000
12.2800000000,57.9959779288,0.0000000000
12.2900000000,57.9805724963,0.0000000000
12.3000000000,57.9651256602,0.0000000000
12.3100000000,57.9496376013,0.0000000000
12.3200000000,57.9341084999,0.0000000000
12.3300000000,57.9185385360,0.0000000000
12.3400000000,57.9029278889,0.0000000000
12.3500000000,57.8872767376,0.0000000000
12.3600000000,57.8715852606,0.0000000000
12.3700000000,57.8558536359,0.0000000000
12.3800000000,57.8400820410,0.0000000000
12.3900000000,57.8242706529,0.0000000000
12.4000000000,57.8084196484,0.0000000000
12.4100000000,57.7925292035,0.0000000000
12.4200000000,57.7765994939,0.0000000000
12.4300000000,57.7606306949,0.0000000000
12.4400000000,57.7446229813,0.0000000000
12.4500000000,57.7285765272,0.0000000000
12.4600000000,57.7124915067,0.0000000000
12.4700000000,57.6963680931,0.0000000000
12.4800000000,57.6802064593,0.0000000000
12.4900000000,57.6640067780,0.0000000000
12.5000000000,57.6477692210,0.0000000000
12.5100000000,57.6314939601,0.0000000000
12.5200000000,57.6151811664,0.0000000000
12.5300000000,57.5988310106,0.0000000000
12.5400000000,57.5824436630,0.0000000000
12.5500000000,57.5660192934,0.0000000000
12.5600000000,57.5495580712,0.0000000000
12.5700000000,57.5330601654,0.0000000000
12.5800000000,57.5165257444,0.0000000000
12.5900000000,57.4999549764,0.0000000000
12.6000000000,57.4833480290,0.0000000000
12.6100000000,57.4667050693,0.0000000000
12.6200000000,57.4500262642,0.0000000000
12.6300000000,57.4333117800,0.0000000000
12.6400000000,57.4165617826,0.0000000000
12.6500000000,57.3997764375,0.0000000000
12.6600000000,57.3829559098,0.0000000000
12.6700000000,57.3661003640,0.0000000000
12.6800000000,57.3492099643,0.0000000000
12.6900000000,57.3322848746,0.0000000000
12.7000000000,57.3153252582,0.0000000000
12.7100000000,57.2983312780,0.0000000000
12.7200000000,57.2813030966,0.0000000000
12.7300000000,57.2642408759,0.0000000000
12.7400000000,57.2471447778,0.0000000000
12.7500000000,57.2300149634,0.0000000000
12.7600000000,57.2128515936,0.0000000000
12.7700000000,57.1956548288,0.0000000000
12.7800000000,57.1784248290,0.0000000000
12.7900000000,57.1611617538,0.0000000000
12.8000000000,57.1438657625,0.0000000000
12.8100000000,57.1265370137,0.0000000000
12.8200000000,57.1091756659,0.0000000000
12.8300000000,57.0917818770,0.0000000000
12.8400000000,57.0743558046,0.0000000000
12.8500000000,57.0568976058,0.0000000000
12.8600000000,57.0394074373,0.0000000000
12.8700000000,57.0218854556,0.0000000000
12.8800000000,57.0043318165,0.0000000000
12.8900000000,56.9867466757,0.0000000000
12.9000000000,56.9691301881,0.0000000000
12.9100000000,56.9514825086,0.0000000000
12.9200000000,56.9338037915,0.0000000000
12.9300000000,56.9160941908,0.0000000000
12.9400000000,56.8983538600,0.0000000000
12.9500000000,56.8805829523,0.0000000000
12.9600000000,56.8627816203,0.0000000000
12.9700000000,56.8449500166,0.0000000000
12.9800000000,56.8270882931,0.0000000000
12.9900000000,56.8091966013,0.0000000000
13.0000000000,56.7912750926,0.0000000000
13.0100000000,56.7733239175,0.0000000000
13.0200000000,56.7553432268,0.0000000000
13.0300000000,56.7373331702,0.0000000000
13.0400000000,56.7192938976,0.0000000000
13.0500000000,56.7012255581,0.0000000000
13.0600000000,56.6831283007,0.0000000000
13.0700000000,56.6650022739,0.0000000000
13.0800000000,56.6468476257,0.0000000000
13.0900000000,56.6286645040,0.0000000000
13.1000000000,56.6104530561,0.0000000000
13.1100000000,56.5922134290,0.0000000000
13.1200000000,56.5739457693,0.0000000000
13.1300000000,56.5556502232,0.0000000000
13.1400000000,56.5373269366,0.0000000000
13.1500000000,56.5189760550,0.0000000000
13.1600000000,56.5005977235,0.0000000000
13.1700000000,56.4821920868,0.0000000000
13.1800000000,56.4637592893,0.0000000000
13.1900000000,56.4452994750,0.0000000000
13.2000000000,56.4268127875,0.0000000000
13.2100000000,56.4082993702,0.0000000000
13.2200000000,56.3897593658,0.0000000000
13.2300000000,56.3711929169,0.0000000000
13.2400000000,56.3526001657,0.0000000000
13.2500000000,56.3339812539,0.0000000000
13.2600000000,56.3153363230,0.0000000000
13.2700000000,56.2966655141,0.0000000000
13.2800000000,56.2779689679,0.0000000000
13.2900000000,56.2592468246,0.0000000000
13.3000000000,56.2404992244,0.0000000000
13.3100000000,56.2217263068,0.0000000000
13.3200000000,56.2029282111,0.0000000000
13.3300000000,56.1841050762,0.0000000000
13.3400000000,56.1652570406,0.0000000000
13.3500000000,56.1463842426,0.0000000000
13.3600000000,56.1274868199,0.0000000000
13.3700000000,56.1085649102,0.0000000000
13.3800000000,56.0896186504,0.0000000000
13.3900000000,56.0706481775,0.0000000000
13.4000000000,56.0516536277,0.0000000000
13.4100000000,56.0326351373,0.0000000000
13.4200000000,56.0135928419,0.0000000000
13.4300000000,55.9945268769,0.0000000000
13.4400000000,55.9754373773,0.0000000000
13.4500000000,55.9563244778,0.0000000000
13.4600000000,55.9371883128,0.0000000000
13.4700000000,55.9180290163,0.0000000000
13.4800000000,55.8988467218,0.0000000000
13.4900000000,55.8796415628,0.0000000000
13.5000000000,55.8604136720,0.0000000000
13.5100000000,55.8411631823,0.0000000000
13.5200000000,55.8218902258,0.0000000000
13.5300000000,55.8025949344,0.0000000000
13.5400000000,55.7832774398,0.0000000000
13.5500000000,55.7639378733,0.0000000000
13.5600000000,55.7445763656,0.0000000000
13.5700000000,55.7251930475,0.0000000000
13.5800000000,55.7057880491,0.0000000000
13.5900000000,55.6863615003,0.0000000000
13.6000000000,55.6669135307,0.0000000000
13.6100000000,55.6474442696,0.0000000000
13.6200000000,55.6279538458,0.0000000000
13.6300000000,55.6084423879,0.0000000000
13.6400000000,55.5889100241,0.0000000000
13.6500000000,55.5693568823,0.0000000000
13.6600000000,55.5497830901,0.0000000000
13.6700000000,55.5301887748,0.0000000000
13.6800000000,55.5105740631,0.0000000000
13.6900000000,55.4909390818,0.0000000000
13.7000000000,55.4712839571,0.0000000000
13.7100000000,55.4516088148,0.0000000000
13.7200000000,55.4319137805,0.0000000000
13.7300000000,55.4121989797,0.0000000000
13.7400000000,55.3924645371,0.0000000000
13.7500000000,55.3727105774,0.0000000000
13.7600000000,55.3529372249,0.0000000000
13.7700000000,55.3331446035,0.0000000000
13.7800000000,55.3133328370,0.0000000000
13.7900000000,55.2935020486,0.0000000000
13.8000000000,55.2736523613,0.0000000000
13.8100000000,55.2537838979,0.0000000000
13.8200000000,55.2338967807,0.0000000000
13.8300000000,55.2139911317,0.0000000000
13.8400000000,55.1940670726,0.0000000000
13.8500000000,55.1741247249,0.0000000000
13.8600000000,55.1541642097,0.0000000000
13.8700000000,55.1341856477,0.0000000000
13.8800000000,55.1141891594,0.0000000000
13.8900000000,55.0941748650,0.0000000000
13.9000000000,55.0741428842,0.0000000000
13.9100000000,55.0540933366,0.0000000000
13.9200000000,55.0340263413,0.0000000000
13.9300000000,55.0139420174,0.0000000000
13.9400000000,54.9938404833,0.0000000000
13.9500000000,54.9737218572,0.0000000000
13.9600000000,54.9535862573,0.0000000000
13.9700000000,54.9334338011,0.0000000000
13.9800000000,54.9132646059,0.0000000000
13.9900000000,54.8930787888,0.0000000000
14.0000000000,54.8728764665,0.0000000000
14.0100000000,54.8526577553,0.0000000000
14.0200000000,54.8324227715,0.0000000000
14.0300000000,54.8121716308,0.0000000000
14.0400000000,54.7919044487,0.0000000000
14.0500000000,54.7716213404,0.0000000000
14.0600000000,54.7513224207,0.0000000000
14.0700000000,54.7310078043,0.0000000000
14.0800000000,54.7106776054,0.0000000000
14.0900000000,54.6903319380,0.0000000000
14.1000000000,54.6699709158,0.0000000000
14.1100000000,54.6495946521,0.0000000000
14.1200000000,54.6292032600,0.0000000000
14.1300000000,54.6087968523,0.0000000000
14.1400000000,54.5883755414,0.0000000000
14.1500000000,54.5679394395,0.0000000000
14.1600000000,54.5474886585,0.0000000000
14.1700000000,54.5270233100,0.0000000000
14.1800000000,54.5065435051,0.0000000000
14.1900000000,54.4860493550,0.0000000000
14.2000000000,54.4655409703,0.0000000000
14.2100000000,54.4450184614,0.0000000000
14.2200000000,54.4244819383,0.0000000000
14.2300000000,54.4039315109,0.0000000000
14.2400000000,54.3833672887,0.0000000000
14.2500000000,54.3627893808,0.0000000000
14.2600000000,54.3421978963,0.0000000000
14.2700000000,54.3215929437,0.0000000000
14.2800000000,54.3009746313,0.0000000000
14.2900000000,54.2803430673,0.0000000000
14.3000000000,54.2596983593,0.0000000000
14.3100000000,54.2390406148,0.0000000000
14.3200000000,54.2183699410,0.0000000000
14.3300000000,54.1976864448,0.0000000000
14.3400000000,54.1769902328,0.0000000000
14.3500000000,54.1562814112,0.0000000000
14.3600000000,54.1355600862,0.0000000000
14.3700000000,54.1148263633,0.0000000000
14.3800000000,54.0940803482,0.0000000000
14.3900000000,54.0733221459,0.0000000000
14.4000000000,54.0525518613,0.0000000000
14.4100000000,54.0317695991,0.0000000000
14.4200000000,54.0109754635,0.0000000000
14.4300000000,53.9901695585,0.0000000000
14.4400000000,53.9693519879,0.0000000000
14.4500000000,53.9485228551,0.0000000000
14.4600000000,53.9276822634,0.0000000000
14.4700000000,53.9068303156,0.0000000000
14.4800000000,53.8859671143,0.0000000000
14.4900000000,53.8650927619,0.0000000000
14.5000000000,53.8442073604,0.0000000000
14.5100000000,53.8233110116,0.0000000000
14.5200000000,53.8024038170,0.0000000000
14.5300000000,53.7814858778,0.0000000000
14.5400000000,53.7605572949,0.0000000000
14.5500000000,53.7396181691,0.0000000000
14.5600000000,53.7186686006,0.0000000000
14.5700000000,53.6977086896,0.0000000000
14.5800000000,53.6767385360,0.0000000000
14.5900000000,53.6557582393,0.0000000000
14.6000000000,53.6347678987,0.0000000000
14.6100000000,53.6137676133,0.0000000000
14.6200000000,53.5927574819,0.0000000000
14.6300000000,53.5717376028,0.0000000000
14.6400000000,53.5507080742,0.0000000000
14.6500000000,53.5296689942,0.0000000000
14.6600000000,53.5086204602,0.0000000000
14.6700000000,53.4875625697,0.0000000000
14.6800000000,53.4664954198,0.0000000000
14.6900000000,53.4454191074,0.0000000000
14.7000000000,53.4243337288,0.0000000000
14.7100000000,53.4032393806,0.0000000000
14.7200000000,53.3821361586,0.0000000000
14.7300000000,53.3610241587,0.0000000000
14.7400000000,53.3399034762,0.0000000000
14.7500000000,53.3187742065,0.0000000000
14.7600000000,53.2976364445,0.0000000000
14.7700000000,53.2764902848,0.0000000000
14.7800000000,53.2553358218,0.0000000000
14.7900000000,53.2341731498,0.0000000000
14.8000000000,53.2130023626,0.0000000000
14.8100000000,53.1918235538,0.0000000000
14.8200000000,53.1706368167,0.0000000000
14.8300000000,53.1494422445,0.0000000000
14.8400000000,53.1282399300,0.0000000000
14.8500000000,53.1070299657,0.0000000000
14.8600000000,53.0858124439,0.0000000000
14.8700000000,53.0645874567,0.0000000000
14.8800000000,53.0433550959,0.0000000000
14.8900000000,53.0221154529,0.0000000000
14.9000000000,53.0008686190,0.0000000000
14.9100000000,52.9796146852,0.0000000000
14.9200000000,52.9583537422,0.0000000000
14.9300000000,52.9370858805,0.0000000000
14.9400000000,52.9158111903,0.0000000000
14.9500000000,52.8945297616,0.0000000000
14.9600000000,52.8732416841,0.0000000000
14.9700000000,52.8519470471,0.0000000000
14.9800000000,52.8306459399,0.0000000000
14.9900000000,52.8093384514,0.0000000000
15.0000000000,52.7880246702,0.0000000000
15.0100000000,52.7667046848,0.0000000000
15.0200000000,52.7453785833,0.0000000000
15.0300000000,52.7240464536,0.0000000000
15.0400000000,52.7027083833,0.0000000000
15.0500000000,52.6813644599,0.0000000000
15.0600000000,52.6600147704,0.0000000000
15.0700000000,52.6386594018,0.0000000000
15.0800000000,52.6172984407,0.0000000000
15.0900000000,52.5959319734,0.0000000000
15.1000000000,52.5745600861,0.0000000000
15.1100000000,52.5531828646,0.0000000000
15.1200000000,52.5318003945,0.0000000000
15.1300000000,52.5104127613,0.0000000000
15.1400000000,52.4890200499,0.0000000000
15.1500000000,52.4676223454,0.0000000000
15.1600000000,52.4462197323,0.0000000000
15.1700000000,52.4248122949,0.0000000000
15.1800000000,52.4034001174,0.0000000000
15.1900000000,52.3819832837,0.0000000000
15.2000000000,52.3605618773,0.0000000000
15.2100000000,52.3391359816,0.0000000000
15.2200000000,52.3177056798,0.0000000000
15.2300000000,52.2962710547,0.0000000000
15.2400000000,52.2748321890,0.0000000000
15.2500000000,52.2533891650,0.0000000000
15.2600000000,52.2319420648,0.0000000000
15.2700000000,52.2104909705,0.0000000000
15.2800000000,52.1890359635,0.0000000000
15.2900000000,52.1675771253,0.0000000000
15.3000000000,52.1461145371,0.0000000000
15.3100000000,52.1246482797,0.0000000000
15.3200000000,52.1031784339,0.0000000000
15.3300000000,52.0817050800,0.0000000000
15.3400000000,52.0602282982,0.0000000000
15.3500000000,52.0387481686,0.0000000000
15.3600000000,52.0172647706,0.0000000000
15.3700000000,51.9957781839,0.0000000000
15.3800000000,51.9742884877,0.0000000000
15.3900000000,51.9527957608,0.0000000000
15.4000000000,51.9313000821,0.0000000000
15.4100000000,51.9098015300,0.0000000000
15.4200000000,51.8883001828,0.0000000000
15.4300000000,51.8667961185,0.0000000000
15.4400000000,51.8452894148,0.0000000000
15.4500000000,51.8237801493,0.0000000000
15.4600000000,51.8022683993,0.0000000000
15.4700000000,51.7807542419,0.0000000000
15.4800000000,51.7592377538,0.0000000000
15.4900000000,51.7377190117,0.0000000000
15.5000000000,51.7161980919,0.0000000000
15.5100000000,51.6946750705,0.0000000000
15.5200000000,51.6731500233,0.0000000000
15.5300000000,51.6516230261,0.0000000000
15.5400000000,51.6300941542,0.0000000000
15.5500000000,51.6085634828,0.0000000000
15.5600000000,51.5870310868,0.0000000000
15.5700000000,51.5654970410,0.0000000000
15.5800000000,51.5439614197,0.0000000000
15.5900000000,51.5224242972,0.0000000000
15.6000000000,51.5008857476,0.0000000000
15.6100000000,51.4793458445,0.0000000000
15.6200000000,51.4578046615,0.0000000000
15.6300000000,51.4362622720,0.0000000000
15.6400000000,51.4147187490,0.0000000000
15.6500000000,51.3931741652,0.0000000000
15.6600000000,51.3716285934,0.0000000000
15.6700000000,51.3500821060,0.0000000000
15.6800000000,51.3285347749,0.0000000000
15.6900000000,51.3069866723,0.0000000000
15.7000000000,51.2854378697,0.0000000000
15.7100000000,51.2638884386,0.0000000000
15.7200000000,51.2423384503,0.0000000000
15.7300000000,51.2207879757,0.0000000000
15.7400000000,51.1992370857,0.0000000000
15.7500000000,51.1776858507,0.0000000000
15.7600000000,51.1561343412,0.0000000000
15.7700000000,51.1345826271,0.0000000000
15.7800000000,51.1130307783,0.0000000000
15.7900000000,51.0914788646,0.0000000000
15.8000000000,51.0699269552,0.0000000000
15.8100000000,51.0483751194,0.0000000000
15.8200000000,51.0268234262,0.0000000000
15.8300000000,51.0052719443,0.0000000000
15.8400000000,50.9837207421,0.0000000000
15.8500000000,50.9621698881,0.0000000000
15.8600000000,50.9406194502,0.0000000000
15.8700000000,50.9190694963,0.0000000000
15.8800000000,50.8975200941,0.0000000000
15.8900000000,50.8759713108,0.0000000000
15.9000000000,50.8544232137,0.0000000000
15.9100000000,50.8328758698,0.0000000000
15.9200000000,50.8113293457,0.0000000000
15.9300000000,50.7897837081,0.0000000000
15.9400000000,50.7682390231,0.0000000000
15.9500000000,50.7466953568,0.0000000000
15.9600000000,50.7251527751,0.0000000000
15.9700000000,50.7036113436,0.0000000000
15.9800000000,50.6820711277,0.0000000000
15.9900000000,50.6605321927,0.0000000000
16.0000000000,50.6389946034,0.0000000000
16.0100000000,50.6174584246,0.0000000000
16.0200000000,50.5959237209,0.0000000000
16.0300000000,50.5743905566,0.0000000000
16.0400000000,50.5528589958,0.0000000000
16.0500000000,50.5313291023,0.0000000000
16.0600000000,50.5098009398,0.0000000000
16.0700000000,50.4882745718,0.0000000000
16.0800000000,50.4667500614,0.0000000000
16.0900000000,50.4452274718,0.0000000000
16.1000000000,50.4237068658,0.0000000000
16.1100000000,50.4021883058,0.0000000000
16.1200000000,50.3806718542,0.0000000000
16.1300000000,50.3591575733,0.0000000000
16.1400000000,50.3376455250,0.0000000000
16.1500000000,50.3161357709,0.0000000000
16.1600000000,50.2946283727,0.0000000000
16.1700000000,50.2731233916,0.0000000000
16.1800000000,50.2516208887,0.0000000000
16.1900000000,50.2301209248,0.0000000000
16.2000000000,50.2086235607,0.0000000000
16.2100000000,50.1871288568,0.0000000000
16.2200000000,50.1656368733,0.0000000000
16.2300000000,50.1441476703,0.0000000000
16.2400000000,50.1226613075,0.0000000000
16.2500000000,50.1011778447,0.0000000000
16.2600000000,50.0796973411,0.0000000000
16.2700000000,50.0582198561,0.0000000000
16.2800000000,50.0367454484,0.0000000000
16.2900000000,50.0152741771,0.0000000000
16.3000000000,49.9938061005,0.0000000000
16.3100000000,49.9723412771,0.0000000000
16.3200000000,49.9508797649,0.0000000000
16.3300000000,49.9294216221,0.0000000000
16.3400000000,49.9079669061,0.0000000000
16.3500000000,49.8865156747,0.0000000000
16.3600000000,49.8650679851,0.0000000000
16.3700000000,49.8436238944,0.0000000000
16.3800000000,49.8221834595,0.0000000000
16.3900000000,49.8007467371,0.0000000000
16.4000000000,49.7793137838,0.0000000000
16.4100000000,49.7578846558,0.0000000000
16.4200000000,49.7364594092,0.0000000000
16.4300000000,49.7150380998,0.0000000000
16.4400000000,49.6936207834,0.0000000000
16.4500000000,49.6722075155,0.0000000000
16.4600000000,49.6507983512,0.0000000000
16.4700000000,49.6293933456,0.0000000000
16.4800000000,49.6079925537,0.0000000000
16.4900000000,49.5865960301,0.0000000000
16.5000000000,49.5652038293,0.0000000000
16.5100000000,49.5438160054,0.0000000000
16.5200000000,49.5224326126,0.0000000000
16.5300000000,49.5010537047,0.0000000000
16.5400000000,49.4796793353,0.0000000000
16.5500000000,49.4583095580,0.0000000000
16.5600000000,49.4369444260,0.0000000000
16.5700000000,49.4155839923,0.0000000000
16.5800000000,49.3942283097,0.0000000000
16.5900000000,49.3728774310,0.0000000000
16.6000000000,49.3515314086,0.0000000000
16.6100000000,49.3301902948,0.0000000000
16.6200000000,49.3088541416,0.0000000000
16.6300000000,49.2875230009,0.0000000000
16.6400000000,49.2661969243,0.0000000000
16.6500000000,49.2448759633,0.0000000000
16.6600000000,49.2235601692,0.0000000000
16.6700000000,49.2022495931,0.0000000000
16.6800000000,49.1809442858,0.0000000000
16.6900000000,49.1596442980,0.0000000000
16.7000000000,49.1383496802,0.0000000000
16.7100000000,49.1170604828,0.0000000000
16.7200000000,49.0957767557,0.0000000000
16.7300000000,49.0744985490,0.0000000000
16.7400000000,49.0532259123,0.0000000000
16.7500000000,49.0319588951,0.0000000000
16.7600000000,49.0106975467,0.0000000000
16.7700000000,48.9894419164,0.0000000000
16.7800000000,48.9681920529,0.0000000000
16.7900000000,48.9469480052,0.0000000000
16.8000000000,48.9257098216,0.0000000000
16.8100000000,48.9044775506,0.0000000000
16.8200000000,48.8832512404,0.0000000000
16.8300000000,48.8620309389,0.0000000000
16.8400000000,48.8408166939,0.0000000000
16.8500000000,48.8196085530,0.0000000000
16.8600000000,48.7984065636,0.0000000000
16.8700000000,48.7772107729,0.0000000000
16.8800000000,48.7560212280,0.0000000000
16.8900000000,48.7348379756,0.0000000000
16.9000000000,48.7136610626,0.0000000000
16.9100000000,48.6924905352,0.0000000000
16.9200000000,48.6713264397,0.0000000000
16.9300000000,48.6501688223,0.0000000000
16.9400000000,48.6290177289,0.0000000000
16.9500000000,48.6078732051,0.0000000000
16.9600000000,48.5867352965,0.0000000000
16.9700000000,48.5656040484,0.0000000000
16.9800000000,48.5444795060,0.0000000000
16.9900000000,48.5233617142,0.0000000000
17.0000000000,48.5022507178,0.0000000000
17.0100000000,48.4811465613,0.0000000000
17.0200000000,48.4600492893,0.0000000000
17.0300000000,48.4389589459,0.0000000000
17.0400000000,48.4178755752,0.0000000000
17.0500000000,48.3967992209,0.0000000000
17.0600000000,48.3757299269,0.0000000000
17.0700000000,48.3546677365,0.0000000000
17.0800000000,48.3336126931,0.0000000000
17.0900000000,48.3125648398,0.0000000000
17.1000000000,48.2915242195,0.0000000000
17.1100000000,48.2704908750,0.0000000000
17.1200000000,48.2494648489,0.0000000000
17.1300000000,48.2284461836,0.0000000000
17.1400000000,48.2074349212,0.0000000000
17.1500000000,48.1864311038,0.0000000000
17.1600000000,48.1654347733,0.0000000000
17.1700000000,48.1444459713,0.0000000000
17.1800000000,48.1234647393,0.0000000000
17.1900000000,48.1024911187,0.0000000000
17.2000000000,48.0815251505,0.0000000000
17.2100000000,48.0605668757,0.0000000000
17.2200000000,48.0396163351,0.0000000000
17.2300000000,48.0186735694,0.0000000000
17.2400000000,47.9977386188,0.0000000000
17.2500000000,47.9768115237,0.0000000000
17.2600000000,47.9558923241,0.0000000000
17.2700000000,47.9349810599,0.0000000000
17.2800000000,47.9140777709,0.0000000000
17.2900000000,47.8931824965,0.0000000000
17.3000000000,47.8722952761,0.0000000000
17.3100000000,47.8514161489,0.0000000000
17.3200000000,47.8305451540,0.0000000000
17.3300000000,47.8096823301,0.0000000000
17.3400000000,47.7888277158,0.0000000000
17.3500000000,47.7679813498,0.0000000000
17.3600000000,47.7471432703,0.0000000000
17.3700000000,47.7263135155,0.0000000000
17.3800000000,47.7054921232,0.0000000000
17.3900000000,47.6846791314,0.0000000000
17.4000000000,47.6638745775,0.0000000000
17.4100000000,47.6430784992,0.0000000000
17.4200000000,47.6222909336,0.0000000000
17.4300000000,47.6015119178,0.0000000000
17.4400000000,47.5807414888,0.0000000000
17.4500000000,47.5599796834,0.0000000000
17.4600000000,47.5392265381,0.0000000000
17.4700000000,47.5184820894,0.0000000000
17.4800000000,47.4977463735,0.0000000000
17.4900000000,47.4770194264,0.0000000000
17.5000000000,47.4563012842,0.0000000000
17.5100000000,47.4355919825,0.0000000000
17.5200000000,47.4148915570,0.0000000000
17.5300000000,47.3942000430,0.0000000000
17.5400000000,47.3735174757,0.0000000000
17.5500000000,47.3528438903,0.0000000000
17.5600000000,47.3321793216,0.0000000000
17.5700000000,47.3115238044,0.0000000000
17.5800000000,47.2908773733,0.0000000000
17.5900000000,47.2702400626,0.0000000000
17.6000000000,47.2496119066,0.0000000000
17.6100000000,47.2289929394,0.0000000000
17.6200000000,47.2083831948,0.0000000000
17.6300000000,47.1877827067,0.0000000000
17.6400000000,47.1671915085,0.0000000000
17.6500000000,47.1466096338,0.0000000000
17.6600000000,47.1260371157,0.0000000000
17.6700000000,47.1054739873,0.0000000000
17.6800000000,47.0849202816,0.0000000000
17.6900000000,47.0643760314,0.0000000000
17.7000000000,47.0438412691,0.0000000000
17.7100000000,47.0233160273,0.0000000000
17.7200000000,47.0028003382,0.0000000000
17.7300000000,46.9822942339,0.0000000000
17.7400000000,46.9617977464,0.0000000000
17.7500000000,46.9413109075,0.0000000000
17.7600000000,46.9208337488,0.0000000000
17.7700000000,46.9003663018,0.0000000000
17.7800000000,46.8799085977,0.0000000000
17.7900000000,46.8594606677,0.0000000000
17.8000000000,46.8390225428,0.0000000000
17.8100000000,46.8185942539,0.0000000000
17.8200000000,46.7981758316,0.0000000000
17.8300000000,46.7777673063,0.0000000000
17.8400000000,46.7573687086,0.0000000000
17.8500000000,46.7369800685,0.0000000000
17.8600000000,46.7166014161,0.0000000000
17.8700000000,46.6962327812,0.0000000000
17.8800000000,46.6758741937,0.0000000000
17.8900000000,46.6555256831,0.0000000000
17.9000000000,46.6351872787,0.0000000000
17.9100000000,46.6148590099,0.0000000000
17.9200000000,46.5945409057,0.0000000000
17.9300000000,46.5742329952,0.0000000000
17.9400000000,46.5539353070,0.0000000000
17.9500000000,46.5336478698,0.0000000000
17.9600000000,46.5133707121,0.0000000000
17.9700000000,46.4931038622,0.0000000000
17.9800000000,46.4728473483,0.0000000000
17.9900000000,46.4526011985,0.0000000000
18.0000000000,46.4323654405,0.0000000000
18.0100000000,46.4121401022,0.0000000000
18.0200000000,46.3919252110,0.0000000000
18.0300000000,46.3717207945,0.0000000000
18.0400000000,46.3515268797,0.0000000000
18.0500000000,46.3313434940,0.0000000000
18.0600000000,46.3111706641,0.0000000000
18.0700000000,46.2910084170,0.0000000000
18.0800000000,46.2708567793,0.0000000000
18.0900000000,46.2507157775,0.0000000000
18.1000000000,46.2305854379,0.0000000000
18.1100000000,46.2104657868,0.0000000000
18.1200000000,46.1903568503,0.0000000000
18.1300000000,46.1702586542,0.0000000000
18.1400000000,46.1501712243,0.0000000000
18.1500000000,46.1300945862,0.0000000000
18.1600000000,46.1100287655,0.0000000000
18.1700000000,46.0899737874,0.0000000000
18.1800000000,46.0699296770,0.0000000000
18.1900000000,46.0498964595,0.0000000000
18.2000000000,46.0298741598,0.0000000000
18.2100000000,46.0098628025,0.0000000000
18.2200000000,45.9898624122,0.0000000000
18.2300000000,45.9698730134,0.0000000000
18.2400000000,45.9498946305,0.0000000000
18.2500000000,45.9299272875,0.0000000000
18.2600000000,45.9099710085,0.0000000000
18.2700000000,45.8900258173,0.0000000000
18.2800000000,45.8700917377,0.0000000000
18.2900000000,45.8501687933,0.0000000000
18.3000000000,45.8302570075,0.0000000000
18.3100000000,45.8103564035,0.0000000000
18.3200000000,45.7904670047,0.0000000000
18.3300000000,45.7705888339,0.0000000000
18.3400000000,45.7507219141,0.0000000000
18.3500000000,45.7308662679,0.0000000000
18.3600000000,45.7110219180,0.0000000000
18.3700000000,45.6911888869,0.0000000000
18.3800000000,45.6713671968,0.0000000000
18.3900000000,45.6515568699,0.0000000000
18.4000000000,45.6317579283,0.0000000000
18.4100000000,45.6119703938,0.0000000000
18.4200000000,45.5921942882,0.0000000000
18.4300000000,45.5724296331,0.0000000000
18.4400000000,45.5526764500,0.0000000000
18.4500000000,45.5329347602,0.0000000000
18.4600000000,45.5132045850,0.0000000000
18.4700000000,45.4934859454,0.0000000000
18.4800000000,45.4737788623,0.0000000000
18.4900000000,45.4540833566,0.0000000000
18.5000000000,45.4343994488,0.0000000000
18.5100000000,45.4147271596,0.0000000000
18.5200000000,45.3950665092,0.0000000000
18.5300000000,45.3754175180,0.0000000000
18.5400000000,45.3557802060,0.0000000000
18.5500000000,45.3361545933,0.0000000000
18.5600000000,45.3165406997,0.0000000000
18.5700000000,45.2969385449,0.0000000000
18.5800000000,45.2773481485,0.0000000000
18.5900000000,45.2577695300,0.0000000000
18.6000000000,45.2382027086,0.0000000000
18.6100000000,45.2186477035,0.0000000000
18.6200000000,45.1991045338,0.0000000000
18.6300000000,45.1795732184,0.0000000000
18.6400000000,45.1600537762,0.0000000000
18.6500000000,45.1405462257,0.0000000000
18.6600000000,45.1210505855,0.0000000000
18.6700000000,45.1015668739,0.0000000000
18.6800000000,45.0820951093,0.0000000000
18.6900000000,45.0626353098,0.0000000000
18.7000000000,45.0431874934,0.0000000000
18.7100000000,45.0237516779,0.0000000000
18.7200000000,45.0043278812,0.0000000000
18.7300000000,44.9849161208,0.0000000000
18.7400000000,44.9655164143,0.0000000000
18.7500000000,44.9461287790,0.0000000000
18.7600000000,44.9267532321,0.0000000000
18.7700000000,44.9073897907,0.0000000000
18.7800000000,44.8880384719,0.0000000000
18.7900000000,44.8686992925,0.0000000000
18.8000000000,44.8493722692,0.0000000000
18.8100000000,44.8300574187,0.0000000000
18.8200000000,44.8107547574,0.0000000000
18.8300000000,44.7914643016,0.0000000000
18.8400000000,44.7721860677,0.0000000000
18.8500000000,44.7529200717,0.0000000000
18.8600000000,44.7336663296,0.0000000000
18.8700000000,44.7144248572,0.0000000000
18.8800000000,44.6951956704,0.0000000000
18.8900000000,44.6759787847,0.0000000000
18.9000000000,44.6567742156,0.0000000000
18.9100000000,44.6375819784,0.0000000000
18.9200000000,44.6184020885,0.0000000000
18.9300000000,44.5992345610,0.0000000000
18.9400000000,44.5800794108,0.0000000000
18.9500000000,44.5609366528,0.0000000000
18.9600000000,44.5418063019,0.0000000000
18.9700000000,44.5226883726,0.0000000000
18.9800000000,44.5035828794,0.0000000000
18.9900000000,44.4844898369,0.0000000000
19.0000000000,44.4654092592,0.0000000000
19.0100000000,44.4463411605,0.0000000000
19.0200000000,44.4272855549,0.0000000000
19.0300000000,44.4082424564,0.0000000000
19.0400000000,44.3892118786,0.0000000000
19.0500000000,44.3701938353,0.0000000000
19.0600000000,44.3511883401,0.0000000000
19.0700000000,44.3321954065,0.0000000000
19.0800000000,44.3132150477,0.0000000000
19.0900000000,44.2942472771,0.0000000000
19.1000000000,44.2752921077,0.0000000000
19.1100000000,44.2563495525,0.0000000000
19.1200000000,44.2374196244,0.0000000000
19.1300000000,44.2185023362,0.0000000000
19.1400000000,44.1995977005,0.0000000000
19.1500000000,44.1807057298,0.0000000000
19.1600000000,44.1618264366,0.0000000000
19.1700000000,44.1429598332,0.0000000000
19.1800000000,44.1241059318,0.0000000000
19.1900000000,44.1052647444,0.0000000000
19.2000000000,44.0864362831,0.0000000000
19.2100000000,44.0676205596,0.0000000000
19.2200000000,44.0488175858,0.0000000000
19.2300000000,44.0300273733,0.0000000000
19.2400000000,44.0112499335,0.0000000000
19.2500000000,43.9924852780,0.0000000000
19.2600000000,43.9737334180,0.0000000000
19.2700000000,43.9549943646,0.0000000000
19.2800000000,43.9362681291,0.0000000000
19.2900000000,43.9175547223,0.0000000000
19.3000000000,43.8988541552,0.0000000000
19.3100000000,43.8801664384,0.0000000000
19.3200000000,43.8614915826,0.0000000000
19.3300000000,43.8428295984,0.0000000000
19.3400000000,43.8241804962,0.0000000000
19.3500000000,43.8055442863,0.0000000000
19.3600000000,43.7869209789,0.0000000000
19.3700000000,43.7683105842,0.0000000000
19.3800000000,43.7497131120,0.0000000000
19.3900000000,43.7311285725,0.0000000000
19.4000000000,43.7125569752,0.0000000000
19.4100000000,43.6939983300,0.0000000000
19.4200000000,43.6754526463,0.0000000000
19.4300000000,43.6569199337,0.0000000000
19.4400000000,43.6384002015,0.0000000000
19.4500000000,43.6198934590,0.0000000000
19.4600000000,43.6013997154,0.0000000000
19.4700000000,43.5829189797,0.0000000000
19.4800000000,43.5644512608,0.0000000000
19.4900000000,43.5459965677,0.0000000000
19.5000000000,43.5275549091,0.0000000000
19.5100000000,43.5091262935,0.0000000000
19.5200000000,43.4907107296,0.0000000000
19.5300000000,43.4723082259,0.0000000000
19.5400000000,43.4539187905,0.0000000000
19.5500000000,43.4355424319,0.0000000000
19.5600000000,43.4171791581,0.0000000000
19.5700000000,43.3988289771,0.0000000000
19.5800000000,43.3804918970,0.0000000000
19.5900000000,43.3621679255,0.0000000000
19.6000000000,43.3438570704,0.0000000000
19.6100000000,43.3255593394,0.0000000000
19.6200000000,43.3072747399,0.0000000000
19.6300000000,43.2890032794,0.0000000000
19.6400000000,43.2707449653,0.0000000000
19.6500000000,43.2524998049,0.0000000000
19.6600000000,43.2342678052,0.0000000000
19.6700000000,43.2160489733,0.0000000000
19.6800000000,43.1978433163,0.0000000000
19.6900000000,43.1796508408,0.0000000000
19.7000000000,43.1614715538,0.0000000000
19.7100000000,43.1433054619,0.0000000000
19.7200000000,43.1251525717,0.0000000000
19.7300000000,43.1070128896,0.0000000000
19.7400000000,43.0888864221,0.0000000000
19.7500000000,43.0707731753,0.0000000000
19.7600000000,43.0526731556,0.0000000000
19.7700000000,43.0345863691,0.0000000000
19.7800000000,43.0165128216,0.0000000000
19.7900000000,42.9984525193,0.0000000000
19.8000000000,42.9804054677,0.0000000000
19.8100000000,42.9623716729,0.0000000000
19.8200000000,42.9443511402,0.0000000000
19.8300000000,42.9263438754,0.0000000000
19.8400000000,42.9083498838,0.0000000000
19.8500000000,42.8903691709,0.0000000000
19.8600000000,42.8724017418,0.0000000000
19.8700000000,42.8544476019,0.0000000000
19.8800000000,42.8365067561,0.0000000000
19.8900000000,42.8185792095,0.0000000000
19.9000000000,42.8006649669,0.0000000000
19.9100000000,42.7827640334,0.0000000000
19.9200000000,42.7648764134,0.0000000000
19.9300000000,42.7470021118,0.0000000000
19.9400000000,42.7291411331,0.0000000000
19.9500000000,42.7112934817,0.0000000000
19.9600000000,42.6934591620,0.0000000000
19.9700000000,42.6756381784,0.0000000000
19.9800000000,42.6578305349,0.0000000000
19.9900000000,42.6400362359,0.0000000000
20.0000000000,42.6222552852,0.0000000000
